image: map_ros1_4OG.pgm
resolution: 0.050000
origin: [-27.247919, -6.686957, 0.000000]
negate: 0
occupied_thresh: 0.65
free_thresh: 0.196

