image: gridmap.pgm
resolution: 0.050000
origin: [-8.387236, -22.691441, 0.000000]
negate: 0
occupied_thresh: 0.65
free_thresh: 0.196

